4.103500000000000000e+04
4.702100000000000000e+04
5.357800000000000000e+04
5.913800000000000000e+04
6.392700000000000000e+04
6.917600000000000000e+04
7.438600000000000000e+04
8.058900000000000000e+04
8.649800000000000000e+04
9.247200000000000000e+04
9.768900000000000000e+04
1.017390000000000000e+05
1.057920000000000000e+05
1.105740000000000000e+05
1.152420000000000000e+05
1.198270000000000000e+05
1.246320000000000000e+05
1.289480000000000000e+05
1.325470000000000000e+05
1.355860000000000000e+05
1.394220000000000000e+05
1.436260000000000000e+05
